#p      |lam     |f       |parts   |taxa    |clus    |red     |
#-------+--------+--------+--------+--------|--------|--------|
 0.316   1        0.0943   4        46       1        0        
 0.321   0.978    0.121    4        45       1        1        
 0.327   0.957    0.148    4        44       1        2        
 0.332   0.935    0.175    4        43       1        3        
 0.337   0.913    0.201    4        42       1        4        
 0.341   0.891    0.228    4        41       1        5        
 0.346   0.87     0.255    4        40       1        6        
 0.35    0.848    0.281    4        39       1        7        
 0.355   0.826    0.309    4        38       1        8        
 0.36    0.804    0.336    4        37       1        9        
 0.415   0.603    0.61     3        37       1        10       
 0.421   0.587    0.635    3        36       1        11       
 0.427   0.571    0.662    3        35       1        12       
 0.433   0.554    0.687    3        34       1        13       
 0.44    0.538    0.713    3        33       1        14       
 0.447   0.522    0.74     3        32       1        15       
 0.451   0.505    0.764    3        31       1        16       
 0.456   0.489    0.789    3        30       1        17       
 0.462   0.473    0.814    3        29       1        18       
 0.467   0.457    0.84     3        28       1        19       
 0.473   0.44     0.867    3        27       1        20       
 0.48    0.424    0.894    3        26       1        21       
 0.487   0.408    0.923    3        25       1        22       
 0.495   0.391    0.953    3        24       1        23       
 0.503   0.375    0.984    3        23       1        24       
 0.507   0.359    0.992    3        22       1        25       
 0.512   0.342    0.968    3        21       1        26       
 0.563   0.228    0.758    2        21       1        27       
 0.574   0.217    0.725    2        20       1        28       
 0.587   0.207    0.69     2        19       1        29       
 0.601   0.196    0.653    2        18       1        30       
 0.616   0.185    0.612    2        17       1        31       
 0.634   0.174    0.568    2        16       1        32       
 0.653   0.163    0.521    2        15       1        33       
 0.676   0.152    0.469    2        14       1        34       
 0.702   0.141    0.412    2        13       1        35       
 0.733   0.13     0.351    2        12       1        36       
 0.758   0.12     0.302    2        11       1        37       
 0.789   0.109    0.248    2        10       1        38       
 0.904   0.0543   0.0829   1        10       1        39       
 0.904   0.0489   0.0775   1        9        1        40       
 0.904   0.0435   0.0721   1        8        1        41       
 0.904   0.038    0.0666   1        7        1        42       
 0.904   0.0326   0.0612   1        6        1        43       
 0.904   0.0272   0.0558   1        5        1        44       
 0.904   0.0217   0.0503   1        4        1        45       
 0.904   0.0163   0.0449   1        3        1        46       
